6,849000	6,849000	B
10,053000	10,053000	B
13,449000	13,449000	B
39,023000	39,023000	B
47,651000	47,651000	B
47,662000	47,662000	B
47,669000	47,669000	B
47,684000	47,684000	B
51,440000	51,440000	B
51,869000	51,869000	B
51,896000	51,896000	B
53,962000	53,962000	B
53,985000	53,985000	B
54,022000	54,022000	B
54,067000	54,067000	B
54,106000	54,106000	B
54,146000	54,146000	B
71,145000	71,145000	B
72,726000	72,726000	B
72,772000	72,772000	B
74,350000	74,350000	B
74,390000	74,390000	B
75,381000	75,381000	B
75,414000	75,414000	B
75,673000	75,673000	B
78,930000	78,930000	B
79,210000	79,210000	B
80,355000	80,355000	B
80,394000	80,394000	B
80,425000	80,425000	B
80,432000	80,432000	B
80,467000	80,467000	B
83,718000	83,718000	B
83,891000	83,891000	B
83,905000	83,905000	B
83,911000	83,911000	B
85,074000	85,074000	B
85,088000	85,088000	B
88,268000	88,268000	B
88,288000	88,288000	B
88,312000	88,312000	B
92,152000	92,152000	B
92,161000	92,161000	B
92,185000	92,185000	B
92,245000	92,245000	B
92,537000	92,537000	B
111,475000	111,475000	B
111,493000	111,493000	B
111,502000	111,502000	B
117,052000	117,052000	B
117,068000	117,068000	B
139,255000	139,255000	B
141,288000	141,288000	B
141,301000	141,301000	B
142,195000	142,195000	B
142,217000	142,217000	B
142,241000	142,241000	B
142,279000	142,279000	B
142,389000	142,389000	B
142,446000	142,446000	B
144,297000	144,297000	B
144,316000	144,316000	B
144,339000	144,339000	B
144,371000	144,371000	B
149,492000	149,492000	B
149,755000	149,755000	B
156,377000	156,377000	B
156,397000	156,397000	B
156,427000	156,427000	B
159,270000	159,270000	B
159,384000	159,384000	B
160,045000	160,045000	B
160,093000	160,093000	B
160,163000	160,163000	B
162,563000	162,563000	B
162,586000	162,586000	B
162,926000	162,926000	B
163,050000	163,050000	B
163,160000	163,160000	B
165,054000	165,054000	B
165,069000	165,069000	B
165,098000	165,098000	B
