0,000000	0,000000	µ  
1,138434	1,138434	µ
2,108902	2,108902	B 
3,415302	3,415302	µ
5,188273	5,188273	µ
8,603576	8,603576	µ
10,768467	10,768467	µ
11,589632	11,589632	µ
12,541438	12,541438	µ
13,325278	13,325278	µ
14,015803	14,015803	µ
14,724992	14,724992	µ
15,602146	15,602146	µ
16,591277	16,591277	µ
17,580408	17,580408	µ
19,819951	19,819951	µ
21,406293	21,406293	µ
33,929068	33,929068	µ
36,541868	36,541868	µ
39,303970	39,303970	µ
41,674152	41,674152	µ
49,195282	49,195282	µ
51,920059	51,920059	µ
58,787989	58,787989	µ
62,837828	62,837828	µ
68,026102	68,026102	µ
69,593781	69,593781	µ
74,222169	74,222169	µ
75,621883	75,621883	µ
78,925208	78,925208	µ
80,212945	80,212945	µ
83,385630	83,385630	µ
85,027961	85,027961	µ
87,808727	87,808727	µ
100,163536	100,163536	µ
104,735935	104,735935	µ
106,676872	106,676872	µ
113,974047	113,974047	µ
122,614949	122,614949	µ
132,898181	132,898181	µ
141,893676	141,893676	µ
163,579912	163,579912	µ
175,449487	175,449487	  
