0
1
1
1
2
1
1
1
1
1
0
0
0
0
0
0
0
1
0
0
0
0
1
0
0
0
0
0
0
0
0
0
0
0
1
0
1
0
0
0
1
0
1
0
0
0
0
0
0
1
1
0
0
1
0
0
0
0
0
0
0
0
0
0
0
0
0
1
1
0
0
0
1
0
0
0
1
0
0
0
0
1
1
0
0
0
0
0
0
0
0
0
0
0
0
0
12
21
12
12
12
12
12
12
1
1
0
0
0
0
0
0
12
12
12
12
12
12
12
12
0
0
0
0
0
0
0
0
14
22
22
12
12
12
12
12
1
0
1
0
0
0
0
0
12
12
12
12
12
12
12
12
0
0
0
0
0
0
0
0
17
12
12
12
23
12
12
12
1
0
0
0
1
0
0
0
12
12
12
12
12
12
12
12
0
0
0
0
0
0
0
0
16
16
16
16
16
16
10
10
10
47
0
0
3
-1
0
45
0
0
0
0
0
13.0256
26.0513
35.8205
45.5897
55.359
65.1282
74.8974
78.1538
91.1795
97.6923
97.6923
100.949
110.718
120.487
127
127
9.76923
19.5385
26.0513
32.5641
39.0769
42.3333
45.5897
48.8462
61.8718
68.3846
68.3846
74.8974
84.6667
91.1795
107.462
127
16.2821
22.7949
32.5641
52.1026
61.8718
58.6154
58.6154
61.8718
58.6154
61.8718
65.1282
68.3846
68.3846
65.1282
68.3846
68.3846
2
