0
0
0
0
0
0
0
0
1
0
0
0
0
0
0
0
0
0
0
0
0
0
7
0
0
0
0
0
0
0
0
0
0
2
0
0
7
0
0
4
1
0
1
1
0
0
1
0
0
4
0
0
0
7
0
0
1
0
1
1
0
1
0
0
0
2
0
0
0
0
0
3
1
0
1
0
1
1
1
0
0
2
0
0
0
0
0
0
1
0
0
1
1
1
1
1
12
12
12
12
12
12
12
12
1
0
0
0
0
0
0
0
12
12
12
12
12
12
12
12
0
0
0
0
0
0
0
0
14
14
22
19
12
12
15
12
0
0
1
1
0
0
1
0
12
12
17
12
12
19
12
12
0
0
1
1
0
1
0
0
22
12
12
12
15
19
12
19
1
0
0
0
1
1
1
0
22
12
12
19
17
12
22
15
1
0
0
1
1
1
1
1
2
0
0
2
0
0
0
-5
-5
240
0
0
3
1
0
37
17
0
0
0
0
127
127
127
127
127
127
127
127
127
127
127
127
127
127
127
127
127
127
127
127
127
127
127
127
127
127
127
127
127
127
127
127
127
127
26.0513
127
45.5897
55.359
71.641
127
78.1538
127
127
84.6667
97.6923
107.462
127
127
1
