0
0
0
0
0
0
0
0
1
0
0
0
1
1
0
0
0
0
0
0
0
0
0
0
0
1
0
1
0
0
1
0
1
0
0
0
1
0
0
0
0
0
0
1
0
0
0
1
0
0
0
0
0
0
0
0
0
1
0
1
0
0
0
0
0
0
0
0
0
0
0
0
1
1
1
1
1
1
1
1
0
0
0
0
0
0
0
0
1
1
1
1
1
1
1
1
12
12
12
12
12
12
12
12
0
0
0
0
0
0
0
0
12
12
12
12
12
12
12
12
0
0
0
0
0
0
0
0
12
12
12
12
12
12
12
12
0
0
0
0
0
0
0
0
12
12
12
12
12
12
12
12
0
0
0
0
0
0
0
0
19
14
14
19
19
19
14
19
1
1
1
1
1
1
1
1
14
19
19
14
14
14
19
19
1
1
1
1
1
1
1
1
15
14
16
15
14
16
-36
-3
10
97
0
0
3
1
0
42
0
0
37
0
45
127
127
127
127
127
127
127
127
127
127
127
127
127
127
127
127
127
127
127
65.1282
127
127
127
61.8718
127
48.8462
127
65.1282
127
127
127
127
19.5385
19.5385
19.5385
22.7949
19.5385
22.7949
16.2821
26.0513
16.2821
16.2821
19.5385
26.0513
22.7949
16.2821
22.7949
29.3077
1
