0
0
0
0
0
0
0
0
1
1
1
1
1
1
1
1
0
0
0
0
0
0
0
0
1
1
1
1
1
1
1
1
0
0
0
0
0
0
0
0
1
1
1
1
1
1
1
1
0
0
0
0
0
0
0
0
1
1
1
1
1
1
1
1
0
0
0
0
0
0
0
0
0
0
0
0
0
0
0
0
0
0
0
0
0
0
0
0
0
0
0
0
0
0
0
0
18
18
18
19
19
19
19
20
1
1
1
1
1
1
1
1
20
20
16
16
23
18
18
18
1
1
1
1
1
1
1
1
18
18
18
19
19
19
19
21
1
1
1
1
1
1
1
1
21
21
16
16
23
18
18
18
1
1
1
1
1
1
1
1
12
12
12
12
12
12
12
12
0
0
0
0
0
0
0
0
12
12
12
12
12
12
12
12
0
0
0
0
0
0
0
0
16
0
16
16
0
16
-4
-4
0
18
62
0
3
1
0
0
0
0
35
0
0
19.5385
26.0513
32.5641
42.3333
65.1282
87.9231
117.231
127
127
127
22.7949
26.0513
97.6923
26.0513
35.8205
42.3333
19.5385
22.7949
29.3077
35.8205
65.1282
91.1795
120.487
127
127
127
16.2821
13.0256
100.949
19.5385
32.5641
42.3333
127
127
127
127
127
127
127
127
127
127
127
127
127
127
127
127
1
