0
0
0
0
0
0
0
0
1
1
1
1
1
1
1
1
0
0
0
0
0
0
0
0
1
1
1
1
1
1
1
1
0
0
0
0
0
0
0
0
1
1
1
1
1
1
1
1
0
0
0
0
0
0
0
0
1
1
1
1
1
1
1
1
0
0
0
0
0
0
0
0
0
0
0
0
0
0
0
0
0
0
0
0
0
0
0
0
0
0
0
0
0
0
0
0
14
14
14
15
15
16
16
17
1
1
1
1
1
1
1
1
17
17
12
12
19
14
14
14
1
1
1
1
1
1
1
1
14
14
14
15
15
16
16
17
1
1
1
1
1
1
1
1
17
17
12
12
19
14
14
14
1
1
1
1
1
1
1
1
12
12
12
12
12
12
12
12
0
0
0
0
0
0
0
0
12
12
12
12
12
12
12
12
0
0
0
0
0
0
0
0
16
0
16
16
0
16
-7
-7
0
18
62
0
3
1
0
0
0
0
35
0
0
13.0256
22.7949
29.3077
39.0769
61.8718
84.6667
120.487
127
127
127
9.76923
13.0256
107.462
22.7949
35.8205
35.8205
19.5385
22.7949
29.3077
35.8205
65.1282
91.1795
120.487
127
127
127
16.2821
13.0256
100.949
19.5385
32.5641
42.3333
127
127
127
127
127
127
127
127
127
127
127
127
127
127
127
127
1
