0
0
0
0
0
0
0
0
1
1
1
1
1
1
1
1
0
0
0
0
0
0
0
0
1
1
1
1
1
1
1
1
0
0
0
0
0
0
0
0
1
1
1
1
1
1
1
1
0
0
0
0
0
0
0
0
1
1
1
1
1
1
1
1
0
0
0
0
0
0
0
0
0
0
0
0
0
0
0
0
0
0
0
0
0
0
0
0
0
0
0
0
0
0
0
0
17
17
18
19
19
19
19
20
1
1
1
1
1
1
1
1
20
20
15
15
22
18
18
18
1
1
1
1
1
1
1
1
17
17
18
19
19
19
19
20
1
1
1
1
1
1
1
1
20
20
15
15
22
18
18
18
1
1
1
1
1
1
1
1
12
12
12
12
12
12
12
12
0
0
0
0
0
0
0
0
12
12
12
12
12
12
12
12
0
0
0
0
0
0
0
0
16
0
16
16
0
16
-7
-7
0
18
62
0
3
1
0
0
0
0
35
0
0
16.2821
29.3077
32.5641
35.8205
61.8718
81.4103
94.4359
127
127
127
16.2821
16.2821
87.9231
9.76923
22.7949
35.8205
19.5385
22.7949
29.3077
35.8205
65.1282
91.1795
120.487
127
127
127
16.2821
13.0256
100.949
19.5385
32.5641
42.3333
127
127
127
127
127
127
127
127
127
127
127
127
127
127
127
127
1
