0
0
0
0
0
0
0
0
1
0
1
0
1
0
1
0
0
0
0
0
0
0
0
0
0
0
0
0
0
0
0
0
0
0
0
0
0
0
0
0
0
1
0
1
0
1
1
1
0
0
0
0
0
0
0
0
0
1
0
1
0
1
1
1
0
0
0
0
0
0
0
0
0
0
0
0
0
0
0
0
0
0
0
0
0
0
0
0
0
0
0
0
0
0
0
0
12
12
21
12
18
12
13
12
1
0
1
0
1
0
1
0
12
12
12
12
12
12
12
12
0
0
0
0
0
0
0
0
12
16
12
17
12
17
19
17
0
1
0
1
0
1
1
1
12
16
12
18
12
16
18
16
0
1
0
1
0
1
1
1
12
12
12
12
12
12
12
12
0
0
0
0
0
0
0
0
12
12
12
12
12
12
12
12
0
0
0
0
0
0
0
0
0
16
16
8
16
16
-18
-6
0
66
0
0
3
1
0
45
0
0
70
0
0
127
127
127
127
127
127
127
127
127
127
127
127
127
127
127
127
127
68.3846
52.1026
55.359
52.1026
61.8718
22.7949
58.6154
42.3333
58.6154
127
42.3333
127
55.359
71.641
22.7949
127
127
127
127
127
127
127
127
127
127
127
127
127
127
127
127
1
