0
0
0
0
0
0
0
0
1
1
1
1
1
1
1
1
0
0
0
0
0
0
0
0
0
0
0
0
0
0
0
0
0
0
0
0
0
0
0
0
1
1
1
1
1
1
1
1
0
0
0
0
0
0
0
0
1
1
1
1
1
1
1
0
0
0
0
0
0
0
0
0
1
0
1
0
1
0
1
0
0
0
0
0
0
0
0
0
1
0
1
0
1
0
1
0
23
23
23
23
23
23
23
12
1
1
1
1
1
1
1
0
12
12
12
12
12
12
12
12
0
0
0
0
0
0
0
0
21
21
21
20
21
20
21
21
1
1
1
1
1
1
1
1
21
20
21
20
21
21
21
12
1
1
1
1
1
1
1
0
17
12
17
12
17
12
17
12
1
0
1
0
1
0
1
0
17
12
17
12
17
12
17
12
1
0
1
0
1
0
1
0
7
16
16
7
16
16
-7
-7
-7
240
31
0
1
1
0
0
0
0
35
0
0
127
39.0769
52.1026
68.3846
97.6923
117.231
127
127
127
127
127
127
127
127
127
127
127
13.0256
22.7949
32.5641
39.0769
45.5897
55.359
61.8718
65.1282
74.8974
81.4103
97.6923
104.205
113.974
127
127
127
16.2821
26.0513
32.5641
48.8462
55.359
58.6154
65.1282
71.641
81.4103
91.1795
91.1795
87.9231
91.1795
84.6667
91.1795
1
