0
0
0
0
0
0
0
0
0
0
0
0
0
0
0
0
0
0
0
0
0
0
0
0
0
0
0
0
0
0
0
0
0
0
0
0
0
0
0
0
1
1
1
1
1
1
0
1
0
0
0
0
0
0
0
0
1
1
1
1
1
1
0
0
0
0
0
0
0
0
0
0
0
0
0
0
0
0
0
0
0
0
0
0
0
0
0
0
0
0
0
0
0
0
0
0
12
12
12
12
12
12
12
12
0
0
0
0
0
0
0
0
12
12
12
12
12
12
12
12
0
0
0
0
0
0
0
0
23
23
23
23
23
23
23
23
1
1
1
1
1
1
1
1
23
18
18
18
18
18
21
12
1
1
1
1
1
1
0
0
12
12
12
12
12
12
12
12
0
0
0
0
0
0
0
0
12
12
12
12
12
12
12
12
0
0
0
0
0
0
0
0
16
7
16
16
7
16
0
-4
0
124
13
0
1
1
0
0
0
0
35
0
0
127
127
127
127
127
127
127
127
127
127
127
127
127
127
127
127
127
29.3077
35.8205
39.0769
29.3077
42.3333
32.5641
29.3077
39.0769
127
32.5641
65.1282
97.6923
127
127
127
127
127
127
127
127
127
127
127
127
127
127
127
127
127
127
127
1
