0
0
0
0
0
0
0
0
0
0
0
0
0
0
0
0
0
0
0
0
0
0
0
0
0
0
0
0
0
0
0
0
0
0
0
0
0
0
0
0
1
1
1
1
1
1
1
1
0
0
0
0
0
0
0
0
1
1
1
1
1
1
1
0
0
0
0
0
0
0
0
0
0
0
0
0
0
0
0
0
0
0
0
0
0
0
0
0
0
0
0
0
0
0
0
0
12
12
12
12
12
12
12
12
0
0
0
0
0
0
0
0
12
12
12
12
12
12
12
12
0
0
0
0
0
0
0
0
14
14
14
15
14
15
14
14
1
1
1
1
1
1
1
1
14
15
14
15
14
14
14
12
1
1
1
1
1
1
1
0
12
12
12
12
12
12
12
12
0
0
0
0
0
0
0
0
12
12
12
12
12
12
12
12
0
0
0
0
0
0
0
0
16
16
16
16
16
16
0
-7
0
124
31
0
1
1
0
0
0
0
35
0
0
127
127
127
127
127
127
127
127
127
127
127
127
127
127
127
127
127
13.0256
22.7949
32.5641
39.0769
45.5897
55.359
61.8718
65.1282
74.8974
81.4103
97.6923
104.205
113.974
127
127
127
127
127
127
127
127
127
127
127
127
127
127
127
127
127
127
1
