0
0
0
0
0
0
0
0
0
0
0
0
0
0
0
0
0
0
0
0
0
0
0
0
0
0
0
0
0
0
0
0
0
0
0
0
0
0
0
0
1
1
1
1
1
1
1
1
0
0
0
0
0
0
0
0
0
0
0
0
0
0
0
0
0
0
0
0
0
0
0
0
0
0
0
0
0
0
0
0
0
0
0
0
0
0
0
0
0
0
0
0
0
0
0
0
12
12
12
12
12
12
12
12
0
0
0
0
0
0
0
0
12
12
12
12
12
12
12
12
0
0
0
0
0
0
0
0
19
19
19
19
19
19
19
19
1
1
1
1
1
1
1
1
19
21
21
21
21
21
21
12
1
1
1
1
1
1
1
0
12
12
12
12
12
12
12
12
0
0
0
0
0
0
0
0
12
12
12
12
12
12
12
12
0
0
0
0
0
0
0
0
16
9
16
16
9
16
0
-7
0
124
17
0
1
1
0
0
0
0
35
0
0
127
127
127
127
127
127
127
127
127
127
127
127
127
127
127
127
127
45.5897
42.3333
127
39.0769
45.5897
61.8718
78.1538
65.1282
74.8974
81.4103
97.6923
104.205
113.974
127
127
127
127
127
127
127
127
127
127
127
127
127
127
127
127
127
127
1
