0
0
0
0
0
0
0
0
0
0
0
0
0
0
0
0
0
0
0
0
0
0
0
0
0
0
0
0
0
0
0
0
0
0
0
0
0
0
0
0
1
1
1
1
1
1
1
1
0
0
0
0
0
0
0
0
1
1
1
1
1
1
1
1
0
0
0
0
0
0
0
0
0
0
0
0
0
0
0
0
0
0
0
0
0
0
0
0
0
0
0
0
0
0
0
0
12
12
12
12
12
12
12
12
0
0
0
0
0
0
0
0
12
12
12
12
12
12
12
12
0
0
0
0
0
0
0
0
18
18
18
18
18
18
18
18
1
1
1
1
1
1
1
1
18
18
18
18
18
18
18
18
1
1
1
1
1
1
1
1
12
12
12
12
12
12
12
12
0
0
0
0
0
0
0
0
12
12
12
12
12
12
12
12
0
0
0
0
0
0
0
0
16
16
16
16
16
16
0
-7
0
124
31
0
3
1
0
0
0
0
35
0
0
127
127
127
127
127
127
127
127
127
127
127
127
127
127
127
127
127
16.2821
13.0256
22.7949
6.51282
22.7949
19.5385
26.0513
26.0513
39.0769
52.1026
61.8718
68.3846
71.641
81.4103
94.4359
127
127
127
127
127
127
127
127
127
127
127
127
127
127
127
127
1
