0
0
0
0
0
0
0
0
0
0
0
0
0
0
0
0
0
0
0
0
0
0
0
0
0
0
0
0
0
0
0
0
0
0
0
0
0
0
0
0
1
1
1
1
1
1
0
1
0
0
0
0
0
0
0
0
0
0
0
0
0
0
0
0
0
0
0
0
0
0
0
0
0
0
0
0
0
0
0
0
0
0
0
0
0
0
0
0
0
0
0
0
0
0
0
0
12
12
12
12
12
12
12
12
0
0
0
0
0
0
0
0
12
12
12
12
12
12
12
12
0
0
0
0
0
0
0
0
17
17
17
17
17
17
17
22
1
1
1
1
1
1
1
1
22
21
21
21
21
21
21
12
1
1
1
1
1
1
1
0
12
12
12
12
12
12
12
12
0
0
0
0
0
0
0
0
12
12
12
12
12
12
12
12
0
0
0
0
0
0
0
0
16
7
16
16
7
16
0
-7
0
124
13
0
1
1
0
0
0
0
35
0
0
127
127
127
127
127
127
127
127
127
127
127
127
127
127
127
127
127
127
127
127
127
127
127
78.1538
65.1282
74.8974
81.4103
97.6923
104.205
113.974
127
127
127
127
127
127
127
127
127
127
127
127
127
127
127
127
127
127
1
