0
0
0
0
0
0
0
0
0
0
0
0
0
0
0
0
0
0
0
0
0
0
0
0
0
0
0
0
0
0
0
0
0
0
0
0
0
0
0
0
1
1
1
1
1
1
1
1
0
0
0
0
0
0
0
0
1
1
1
1
1
1
1
1
0
0
0
0
0
0
0
0
0
0
0
0
0
0
0
0
0
0
0
0
0
0
0
0
0
0
0
0
0
0
0
0
12
12
12
12
12
12
12
12
0
0
0
0
0
0
0
0
12
12
12
12
12
12
12
12
0
0
0
0
0
0
0
0
14
14
14
15
15
16
16
17
1
1
1
1
1
1
1
1
17
17
12
12
19
14
14
14
1
1
1
1
1
1
1
1
12
12
12
12
12
12
12
12
0
0
0
0
0
0
0
0
12
12
12
12
12
12
12
12
0
0
0
0
0
0
0
0
16
16
16
16
16
16
0
-7
0
124
31
0
1
1
0
0
0
0
35
0
0
127
127
127
127
127
127
127
127
127
127
127
127
127
127
127
127
19.5385
22.7949
29.3077
35.8205
65.1282
91.1795
120.487
127
127
127
16.2821
13.0256
100.949
19.5385
32.5641
42.3333
127
127
127
127
127
127
127
127
127
127
127
127
127
127
127
127
1
