0
0
0
0
0
0
0
0
1
1
1
1
1
1
1
1
0
0
0
0
0
0
0
0
1
1
0
0
0
0
0
0
0
0
0
0
0
0
0
0
1
1
1
1
1
1
1
1
0
0
0
0
0
0
0
0
1
1
0
0
0
0
0
0
0
0
0
0
0
0
0
0
1
0
1
0
1
0
1
0
0
0
0
0
0
0
0
0
1
0
1
0
0
0
0
0
14
16
18
20
22
20
18
16
1
1
1
1
1
1
1
1
14
12
12
12
12
12
12
12
1
1
0
0
0
0
0
0
14
16
18
20
22
20
18
16
1
1
1
1
1
1
1
1
14
12
12
12
12
12
12
12
1
1
0
0
0
0
0
0
12
12
14
16
16
20
18
12
1
0
1
0
1
0
1
0
20
22
22
12
12
12
12
12
1
0
1
0
0
0
0
0
10
10
15
10
10
15
-1
2
5
260
0
0
3
1
0
45
0
0
0
0
0
32.5641
26.0513
32.5641
42.3333
42.3333
29.3077
29.3077
26.0513
39.0769
22.7949
127
127
127
127
127
127
127
127
127
127
127
127
127
127
127
127
127
127
127
127
127
127
127
127
127
127
127
127
127
127
127
127
127
127
127
127
127
127
1
