0
1
1
2
0
2
1
0
1
1
1
1
1
1
1
1
1
3
3
3
3
3
3
3
1
1
0
0
0
0
0
0
0
3
2
0
0
2
3
1
1
1
1
1
1
1
1
1
3
0
2
2
1
2
0
3
1
1
1
1
1
1
1
1
0
2
3
1
1
2
3
3
1
1
1
1
1
1
1
1
0
2
1
3
3
0
2
0
1
1
1
1
1
1
1
1
12
14
13
15
16
19
17
18
1
1
1
1
1
1
1
1
20
21
16
19
18
22
21
23
1
1
1
1
1
1
1
1
12
14
15
17
20
18
19
18
1
1
1
1
1
1
1
1
19
22
21
22
21
20
23
23
1
1
1
1
1
1
1
1
12
13
16
15
17
14
16
18
1
1
1
1
1
1
1
1
19
20
18
17
19
21
22
23
1
1
1
1
1
1
1
1
16
16
16
16
16
16
-28
12
26
234
0
0
1
1
0
0
0
0
0
0
0
127
127
127
127
127
127
127
127
127
127
127
127
127
127
127
127
97.6923
104.205
127
74.8974
84.6667
127
127
94.4359
104.205
97.6923
127
127
94.4359
127
113.974
127
97.6923
127
127
87.9231
100.949
127
127
127
113.974
127
97.6923
127
127
120.487
127
94.4359
4
