0
0
0
0
0
0
0
0
0
0
0
0
0
0
0
0
0
0
0
0
0
0
0
0
0
1
1
1
1
1
1
1
0
0
0
0
0
0
0
0
0
1
0
0
1
0
1
0
0
0
0
0
0
0
0
0
0
1
0
0
1
1
0
0
0
0
0
0
0
0
0
0
1
0
0
0
1
0
1
0
0
0
0
0
0
0
0
0
0
0
1
0
1
0
0
1
12
12
12
12
12
12
12
12
0
0
0
0
0
0
0
0
17
15
18
20
22
21
22
23
1
1
1
1
1
1
1
1
12
12
12
12
17
12
19
12
0
1
0
0
1
0
1
0
12
18
12
12
21
23
12
12
0
1
0
0
1
1
0
0
12
12
12
12
17
12
16
12
1
0
0
0
1
0
1
0
12
12
18
12
20
12
12
22
0
0
1
0
1
0
0
1
16
16
16
16
16
16
20
18
15
102
0
0
1
1
0
0
0
0
0
0
0
127
127
127
127
127
127
127
127
127
127
127
127
127
127
127
127
127
81.4103
127
127
97.6923
127
68.3846
127
127
100.949
127
127
87.9231
74.8974
127
127
81.4103
127
127
127
97.6923
127
81.4103
127
127
127
74.8974
127
104.205
127
127
97.6923
1
