0
0
0
0
0
0
0
0
0
0
0
0
0
0
0
0
0
0
0
0
0
0
0
0
0
0
0
0
0
0
0
0
0
0
0
0
0
0
0
0
1
0
1
0
0
0
0
0
0
0
0
0
0
0
0
0
0
0
0
0
0
0
0
0
0
0
0
0
0
0
0
0
0
1
1
1
0
1
1
1
0
0
0
0
0
0
0
0
0
0
0
0
0
0
0
0
12
12
12
12
12
12
12
12
0
0
0
0
0
0
0
0
12
12
12
12
12
12
12
12
0
0
0
0
0
0
0
0
12
12
18
12
12
12
12
12
1
0
1
0
0
0
0
0
12
12
12
12
12
12
12
12
0
0
0
0
0
0
0
0
12
12
19
16
12
15
23
21
0
1
1
1
0
1
1
1
12
12
12
12
12
12
12
12
0
0
0
0
0
0
0
0
16
4
8
16
4
8
0
-18
-9
30
0
0
3
1
0
0
0
0
0
0
0
127
127
127
127
127
127
127
127
127
127
127
127
127
127
127
127
78.1538
127
81.4103
127
127
127
127
127
127
127
127
127
127
127
127
127
127
78.1538
127
81.4103
81.4103
78.1538
127
78.1538
127
127
127
127
127
127
127
127
1
