0
0
0
0
0
0
0
0
0
0
0
0
0
0
0
0
0
0
0
0
0
0
0
0
0
0
0
0
0
0
0
0
0
0
0
0
0
0
0
0
1
1
1
1
1
1
1
0
0
0
0
0
0
0
0
0
0
0
0
0
0
0
0
0
0
0
0
0
0
0
0
0
1
0
1
0
1
0
1
0
0
0
0
0
0
0
0
0
1
0
1
0
1
0
0
0
12
12
12
12
12
12
12
12
0
0
0
0
0
0
0
0
12
12
12
12
12
12
12
12
0
0
0
0
0
0
0
0
21
21
21
21
21
21
21
12
1
1
1
1
1
1
1
0
12
12
12
12
12
12
12
12
0
0
0
0
0
0
0
0
21
21
21
21
21
21
21
12
1
0
1
0
1
0
1
0
21
12
21
12
21
12
12
12
1
0
1
0
1
0
0
0
16
8
16
16
8
16
0
-11
-11
45
0
0
2
1
0
0
0
0
0
0
0
127
127
127
127
127
127
127
127
127
127
127
127
127
127
127
127
42.3333
52.1026
65.1282
71.641
84.6667
94.4359
100.949
127
127
127
127
127
127
127
127
127
35.8205
45.5897
55.359
61.8718
65.1282
78.1538
74.8974
81.4103
87.9231
94.4359
97.6923
100.949
100.949
127
127
127
8
