0
0
0
0
0
0
0
0
1
0
0
1
1
1
1
1
0
0
0
0
0
0
0
0
0
1
0
1
0
0
0
0
0
0
0
0
0
0
0
0
1
1
1
1
1
1
1
1
0
0
0
0
0
0
0
0
1
1
1
1
1
1
1
0
0
0
0
0
0
0
0
0
1
0
1
0
1
0
1
0
0
0
0
0
0
0
0
0
1
0
1
0
1
0
0
0
21
12
12
21
21
21
21
21
1
0
0
1
1
1
1
1
12
21
12
21
12
12
12
12
0
1
0
1
0
0
0
0
13
13
13
13
13
13
13
13
1
1
1
1
1
1
1
1
13
13
13
13
13
13
12
12
1
1
1
1
1
1
0
0
12
12
12
12
12
12
12
12
1
1
1
1
1
1
1
1
12
12
12
12
12
12
12
12
1
1
1
1
1
1
0
0
14
14
14
14
14
14
0
0
-3
99
0
0
3
1
0
44
0
0
0
0
0
29.3077
35.8205
29.3077
42.3333
58.6154
78.1538
97.6923
127
127
58.6154
58.6154
61.8718
58.6154
52.1026
127
127
55.359
29.3077
16.2821
74.8974
52.1026
32.5641
127
107.462
87.9231
74.8974
58.6154
39.0769
29.3077
29.3077
127
127
74.8974
58.6154
42.3333
35.8205
26.0513
29.3077
13.0256
0
19.5385
48.8462
48.8462
45.5897
127
127
127
127
1
