0
0
0
0
0
0
0
0
0
0
0
0
0
0
0
0
0
0
0
0
0
0
0
0
0
0
0
0
0
0
0
0
0
0
0
0
0
0
0
0
1
0
1
1
0
1
1
0
0
0
0
0
0
0
0
0
1
1
0
1
1
0
1
1
0
0
0
0
0
0
0
0
0
0
0
0
0
0
0
0
0
0
0
0
0
0
0
0
0
0
0
0
0
0
0
0
12
12
12
12
12
12
12
12
0
0
0
0
0
0
0
0
12
12
12
12
12
12
12
12
0
0
0
0
0
0
0
0
20
23
20
20
23
20
20
23
1
1
1
1
1
1
1
1
20
20
23
20
20
23
20
12
1
1
1
1
1
1
1
0
12
12
12
12
12
12
12
12
0
0
0
0
0
0
0
0
12
12
12
12
12
12
12
12
0
0
0
0
0
0
0
0
16
15
16
16
15
16
0
-6
0
156
30
0
1
1
0
0
0
0
35
0
0
127
127
127
127
127
127
127
127
127
127
127
127
127
127
127
127
120.487
13.0256
22.7949
97.6923
22.7949
26.0513
78.1538
26.0513
26.0513
65.1282
29.3077
26.0513
58.6154
32.5641
19.5385
127
127
127
127
127
127
127
127
127
127
127
127
127
127
127
127
127
1
