0
0
0
0
0
0
0
0
1
1
1
1
1
1
1
1
0
0
0
0
0
0
0
0
1
1
1
1
1
1
1
1
0
0
0
0
0
0
0
0
1
1
1
1
1
1
1
1
0
0
0
0
0
0
0
0
1
1
1
1
1
1
1
1
0
0
0
0
0
0
0
0
1
1
1
1
1
1
1
1
0
0
0
0
0
0
0
0
1
1
1
1
1
1
1
0
23
21
20
18
18
14
13
13
1
1
1
1
1
1
1
1
17
22
15
15
15
15
16
16
1
1
1
1
1
1
1
1
22
16
16
16
16
22
16
16
1
1
1
1
1
1
1
1
16
16
16
16
22
16
16
20
1
1
1
1
1
1
1
1
21
19
19
21
19
19
21
19
1
1
1
1
1
1
1
1
19
21
19
19
21
19
19
12
1
1
1
1
1
1
1
0
0
15
0
0
15
0
-6
14
5
316
0
0
3
1
0
45
0
45
100
5
100
127
127
127
127
127
127
127
127
127
127
127
127
127
127
127
127
127
35.8205
35.8205
39.0769
29.3077
127
29.3077
32.5641
32.5641
32.5641
32.5641
35.8205
127
42.3333
45.5897
45.5897
127
127
42.3333
127
42.3333
45.5897
127
35.8205
42.3333
127
32.5641
35.8205
127
39.0769
26.0513
127
1
