0
0
0
0
0
0
0
0
1
1
0
0
0
0
0
0
0
0
0
0
0
0
0
0
0
0
0
0
0
0
0
0
0
0
0
0
0
0
0
0
0
0
0
0
0
0
0
0
0
0
0
0
0
0
0
0
0
0
0
0
0
0
0
0
0
0
0
0
0
0
0
0
0
0
0
1
0
0
1
0
0
0
0
0
0
0
0
0
0
0
1
0
0
0
1
0
12
20
12
12
12
12
12
12
1
1
0
0
0
0
0
0
12
12
12
12
12
12
12
12
0
0
0
0
0
0
0
0
12
12
12
12
12
12
12
12
0
0
0
0
0
0
0
0
12
12
12
12
12
12
12
12
0
0
0
0
0
0
0
0
12
12
12
14
12
12
22
12
0
0
0
1
0
0
1
0
12
12
21
12
12
12
18
18
0
0
1
0
0
0
1
1
4
16
16
4
16
16
-15
0
0
81
0
0
3
1
0
0
0
0
0
0
0
127
35.8205
127
127
127
127
127
127
127
127
127
127
127
127
127
127
127
127
127
127
127
127
127
127
127
127
127
127
127
127
127
127
127
127
127
55.359
127
127
61.8718
127
127
127
71.641
127
127
127
58.6154
127
8
