0
0
0
0
0
0
0
0
1
0
1
0
1
0
1
0
0
0
0
0
0
0
0
0
0
0
0
0
0
0
0
0
0
0
0
0
0
0
0
0
0
1
0
0
1
0
1
1
0
0
0
0
0
0
0
0
0
0
0
1
0
1
0
1
0
0
1
0
1
0
0
0
1
0
0
1
0
1
0
1
1
0
1
0
1
0
0
0
0
0
0
1
0
1
0
1
12
12
21
12
18
12
13
12
1
0
1
0
1
0
1
0
12
12
12
12
12
12
12
12
0
0
0
0
0
0
0
0
12
12
12
12
17
12
14
12
0
1
0
0
1
0
1
1
12
13
12
15
12
13
12
13
0
1
0
1
0
1
0
1
12
12
12
12
12
12
18
14
1
0
0
1
0
1
0
1
20
12
20
12
12
12
12
12
0
0
0
1
0
1
0
1
0
8
16
8
8
16
-18
-10
10
66
0
0
3
1
0
45
0
0
70
0
0
127
127
127
127
127
127
127
127
127
127
127
127
127
127
127
127
127
123.744
127
127
127
127
127
127
42.3333
58.6154
127
42.3333
127
55.359
127
22.7949
127
127
127
127
127
127
127
127
127
127
127
127
127
127
127
127
2
