0
0
0
0
0
0
0
0
1
0
0
0
0
0
0
0
0
0
0
0
0
0
0
0
0
0
0
0
0
0
0
0
0
0
0
0
0
0
0
0
0
0
0
1
1
1
0
0
0
0
0
0
0
0
0
0
0
0
0
0
0
0
0
0
0
0
0
0
0
0
0
0
0
0
0
0
0
0
0
0
0
0
0
0
0
0
0
0
0
0
0
0
0
0
0
0
19
12
12
12
12
12
12
12
1
0
0
0
0
0
0
0
12
12
12
12
12
12
12
12
0
0
0
0
0
0
0
0
12
12
12
20
22
23
12
12
0
0
0
1
1
1
0
0
12
12
12
12
12
12
12
12
0
0
0
0
0
0
0
0
12
12
12
12
12
12
12
12
0
0
0
0
0
0
0
0
12
12
12
12
12
12
12
12
0
0
0
0
0
0
0
0
16
16
16
16
16
16
-36
13
0
172.992
15
0
1
1
0
45
0
0
0
0
0
127
127
127
127
127
127
127
127
127
127
127
127
127
127
127
127
127
127
127
61.8718
91.1795
127
127
127
127
127
127
127
127
127
127
127
127
127
127
127
127
127
127
127
127
127
127
127
127
127
127
127
1
