0
0
0
0
0
0
0
0
0
0
0
0
0
0
0
0
0
0
0
0
0
0
0
0
0
0
0
0
0
0
0
0
0
0
0
0
0
0
0
0
1
1
1
0
0
0
0
0
0
0
0
0
0
0
0
0
0
0
0
0
0
0
0
0
0
0
0
0
0
0
0
0
1
0
1
0
1
0
1
0
0
0
0
0
0
0
0
0
1
0
1
0
0
0
0
0
12
12
12
12
12
12
12
12
0
0
0
0
0
0
0
0
12
12
12
12
12
12
12
12
0
0
0
0
0
0
0
0
12
17
23
12
12
12
12
12
1
1
1
0
0
0
0
0
12
12
12
12
12
12
12
12
0
0
0
0
0
0
0
0
12
14
13
12
16
12
20
12
1
0
1
0
1
0
1
0
22
12
23
12
12
12
12
12
1
0
1
0
0
0
0
0
16
16
16
16
16
16
0
-3
11
192.913
15
0
1
1
0
0
0
1
100
0
100
127
127
127
127
127
127
127
127
127
127
127
127
127
127
127
127
35.8205
52.1026
78.1538
127
127
127
127
127
127
127
127
127
127
127
127
127
32.5641
0
48.8462
0
58.6154
0
68.3846
0
87.9231
127
127
127
127
127
127
127
1
