0
0
0
0
0
0
0
0
1
0
0
1
1
1
1
1
0
0
0
0
0
0
0
0
0
1
0
1
0
0
0
0
0
0
0
0
0
0
0
0
0
0
0
0
0
0
0
0
0
0
0
0
0
0
0
0
0
0
0
0
0
0
0
0
0
0
0
0
0
0
0
0
0
0
0
0
0
0
0
0
0
0
0
0
0
0
0
0
0
0
0
0
0
0
0
0
17
12
12
15
17
15
17
15
1
0
0
1
1
1
1
1
12
17
12
15
12
12
12
12
0
1
0
1
0
0
0
0
12
12
12
12
12
12
12
12
0
0
0
0
0
0
0
0
12
12
12
12
12
12
12
12
0
0
0
0
0
0
0
0
12
12
12
12
12
12
12
12
0
0
0
0
0
0
0
0
12
12
12
12
12
12
12
12
0
0
0
0
0
0
0
0
14
16
16
14
16
16
-5
0
0
120
0
0
2
1
0
44
0
0
0
0
0
29.3077
35.8205
29.3077
42.3333
58.6154
78.1538
97.6923
127
127
58.6154
58.6154
61.8718
58.6154
52.1026
127
127
127
127
127
127
127
127
127
127
127
127
127
127
127
127
127
127
127
127
127
127
127
127
127
127
127
127
127
127
127
127
127
127
1
