0
0
0
0
0
0
0
0
0
0
0
0
0
0
0
0
0
0
0
0
0
0
0
0
0
0
0
0
0
0
0
0
0
0
0
0
0
0
0
0
1
0
1
0
0
0
0
0
0
0
0
0
0
0
0
0
0
0
0
0
0
0
0
0
0
1
0
1
0
1
0
0
1
1
1
1
1
1
1
0
0
0
0
0
0
0
0
0
0
0
0
0
0
0
0
0
12
12
12
12
12
12
12
12
0
0
0
0
0
0
0
0
12
12
12
12
12
12
12
12
0
0
0
0
0
0
0
0
13
12
13
12
12
12
12
12
1
0
1
0
0
0
0
0
12
12
12
12
12
12
12
12
0
0
0
0
0
0
0
0
13
13
13
13
13
13
12
12
1
1
1
1
1
1
1
0
12
12
12
12
12
12
12
12
0
0
0
0
0
0
0
0
16
4
7
16
4
7
0
-20
-20
127
15
0
3
1
0
-45
62
0
0
12
0
127
127
127
127
127
127
127
127
127
127
127
127
127
127
127
127
127
127
127
127
127
127
127
127
127
127
127
127
127
127
127
127
94.4359
91.1795
97.6923
94.4359
94.4359
127
127
127
127
127
127
127
127
127
127
127
2
