1
0
0
0
0
0
0
0
1
0
0
0
0
0
0
0
1
0
0
0
0
0
0
0
1
0
0
0
0
0
0
0
0
0
0
0
1
0
0
0
0
0
0
0
1
0
0
0
0
0
0
0
1
0
0
0
0
0
0
0
1
0
0
0
0
0
0
0
0
0
0
0
0
0
0
0
0
0
0
0
1
0
0
0
0
0
0
0
1
0
0
0
0
0
0
0
15
12
12
12
12
12
12
12
1
0
0
0
0
0
0
0
15
12
12
12
12
12
12
12
1
0
0
0
0
0
0
0
12
12
12
12
16
12
12
12
0
0
0
0
1
0
0
0
12
12
12
12
14
12
12
12
0
0
0
0
1
0
0
0
12
12
12
12
12
12
12
12
0
0
0
0
0
0
0
0
18
12
12
12
12
12
12
12
1
0
0
0
0
0
0
0
16
16
16
16
16
16
-22
6
6
45
0
0
3
1
0
45
52
0
0
0
0
127
127
127
127
127
127
127
127
127
127
127
127
127
127
127
127
22.7949
22.7949
13.0256
26.0513
26.0513
22.7949
19.5385
16.2821
26.0513
19.5385
29.3077
26.0513
19.5385
19.5385
32.5641
32.5641
16.2821
16.2821
19.5385
19.5385
19.5385
19.5385
22.7949
19.5385
22.7949
19.5385
22.7949
22.7949
19.5385
26.0513
26.0513
19.5385
2
