1
0
0
0
0
0
0
0
1
0
0
0
0
0
0
0
1
0
0
0
0
0
0
0
1
0
0
0
0
0
0
0
0
0
0
0
0
0
0
0
0
0
0
0
1
0
0
0
0
0
0
0
0
0
0
0
0
0
0
0
1
0
0
0
0
0
0
0
0
0
0
0
0
0
0
0
0
0
0
0
0
0
0
0
0
0
0
0
1
0
0
0
0
0
0
0
17
12
12
12
12
12
12
12
1
0
0
0
0
0
0
0
14
12
12
12
12
12
12
12
1
0
0
0
0
0
0
0
12
12
12
12
19
12
12
12
0
0
0
0
1
0
0
0
12
12
12
12
19
12
12
12
0
0
0
0
1
0
0
0
12
12
12
12
12
12
12
12
0
0
0
0
0
0
0
0
16
12
12
12
12
12
12
12
1
0
0
0
0
0
0
0
16
16
16
16
16
16
-22
6
6
45
0
0
3
1
0
45
40
0
0
0
0
127
127
127
127
127
127
127
127
127
127
127
127
127
127
127
127
22.7949
26.0513
22.7949
19.5385
26.0513
22.7949
26.0513
22.7949
19.5385
26.0513
22.7949
19.5385
26.0513
26.0513
19.5385
19.5385
13.0256
16.2821
13.0256
9.76923
13.0256
9.76923
19.5385
19.5385
19.5385
13.0256
26.0513
19.5385
16.2821
16.2821
22.7949
19.5385
2
