0
0
0
0
0
0
0
0
1
0
0
0
0
0
0
0
1
0
0
0
0
1
0
0
0
0
0
0
0
1
0
0
0
0
0
0
1
0
0
0
0
0
0
0
1
0
0
0
0
0
0
0
1
0
0
0
0
0
0
0
1
0
0
0
0
0
0
0
0
0
0
0
0
0
0
0
0
0
0
0
1
0
0
0
0
0
0
0
1
0
0
0
0
0
0
0
16
12
12
12
12
12
12
12
1
0
0
0
0
0
0
0
12
12
12
12
12
13
12
12
0
0
0
0
0
1
0
0
12
12
12
12
19
12
12
12
0
0
0
0
1
0
0
0
12
12
12
12
19
12
12
12
0
0
0
0
1
0
0
0
12
12
12
12
12
12
12
12
0
0
0
0
0
0
0
0
21
12
12
12
12
12
12
12
1
0
0
0
0
0
0
0
16
16
16
16
16
16
-18
6
6
45
0
0
3
1
0
37
21
0
0
0
0
127
127
127
127
127
127
127
127
127
127
127
127
127
127
127
127
26.0513
22.7949
26.0513
22.7949
26.0513
22.7949
19.5385
22.7949
22.7949
19.5385
19.5385
22.7949
19.5385
19.5385
19.5385
22.7949
22.7949
19.5385
19.5385
16.2821
16.2821
16.2821
16.2821
19.5385
16.2821
16.2821
19.5385
19.5385
19.5385
16.2821
16.2821
19.5385
2
