0
0
0
0
0
0
0
0
1
0
0
0
0
0
0
0
0
0
0
0
0
0
0
0
1
0
0
0
0
0
0
0
0
0
0
0
0
0
0
0
0
0
0
0
1
0
0
0
0
0
0
0
0
0
0
0
0
0
0
0
1
0
0
0
0
0
0
0
0
0
0
0
0
0
0
0
0
0
0
0
0
0
0
0
0
0
0
0
1
0
0
0
0
0
0
0
18
12
12
12
12
12
12
12
1
0
0
0
0
0
0
0
15
12
12
12
12
12
12
12
1
0
0
0
0
0
0
0
12
12
12
12
19
12
12
12
0
0
0
0
1
0
0
0
12
12
12
12
19
12
12
12
0
0
0
0
1
0
0
0
12
12
12
12
12
12
12
12
0
0
0
0
0
0
0
0
18
12
12
12
12
12
12
12
1
0
0
0
0
0
0
0
16
16
16
16
16
16
-21
-17
-17
60
0
0
3
1
0
45
30
0
0
0
0
127
127
127
127
127
127
127
127
127
127
127
127
127
127
127
127
16.2821
19.5385
26.0513
22.7949
19.5385
22.7949
22.7949
22.7949
19.5385
19.5385
19.5385
19.5385
19.5385
16.2821
16.2821
16.2821
26.0513
19.5385
19.5385
9.76923
19.5385
22.7949
22.7949
22.7949
19.5385
19.5385
22.7949
19.5385
19.5385
26.0513
29.3077
32.5641
1
