0
0
0
0
0
0
0
0
0
0
0
0
0
0
0
0
0
0
0
0
0
0
0
0
0
0
0
0
0
0
0
0
0
0
0
0
0
0
0
0
1
1
1
1
1
1
1
1
0
0
0
0
0
0
0
0
1
1
1
1
1
1
1
0
0
0
0
0
0
0
0
0
1
1
1
1
1
1
1
1
0
0
0
0
0
0
0
0
1
1
1
1
1
1
1
1
12
12
12
12
12
12
12
12
0
0
0
0
0
0
0
0
12
12
12
12
12
12
12
12
0
0
0
0
0
0
0
0
12
15
12
15
12
15
12
15
1
1
1
1
1
1
1
1
12
15
12
15
12
15
12
12
1
1
1
1
1
1
1
0
15
12
15
12
15
12
15
12
1
1
1
1
1
1
1
1
15
12
15
12
15
12
15
12
1
1
1
1
1
1
1
1
16
15
16
16
15
16
0
-2
-2
240
70
0
3
1
0
0
0
0
35
0
0
127
127
127
127
127
127
127
127
127
127
127
127
127
127
127
127
127
35.8205
35.8205
127
29.3077
42.3333
127
29.3077
39.0769
127
32.5641
65.1282
97.6923
127
127
127
127
127
127
127
127
127
127
127
127
127
127
127
127
127
127
127
1
