0
0
0
0
0
0
0
0
1
1
1
0
1
0
1
1
0
0
0
0
0
0
0
0
1
1
0
0
0
0
0
0
0
0
1
0
0
0
0
0
0
0
1
1
0
1
0
0
0
0
0
0
0
0
0
0
0
1
0
0
0
0
0
0
1
0
1
1
0
0
0
1
0
0
1
1
0
0
0
1
1
0
0
0
0
0
1
0
1
0
1
1
1
0
1
0
12
12
12
12
12
12
12
12
0
0
0
0
0
0
0
0
12
12
12
12
12
12
12
12
0
0
0
0
0
0
0
0
12
12
23
12
12
12
12
12
0
0
1
1
0
1
0
0
12
12
12
12
12
12
12
12
0
1
0
0
0
0
0
0
21
12
22
21
12
12
12
22
0
0
1
1
0
0
0
0
21
12
12
12
12
12
22
12
1
0
1
1
1
0
1
0
10
15
15
10
15
15
12
12
12
180
0
0
3
1
0
13
0
0
0
0
0
127
55.359
45.5897
81.4103
61.8718
61.8718
68.3846
42.3333
45.5897
32.5641
127
127
127
127
127
127
127
127
127
97.6923
127
78.1538
127
127
127
58.6154
127
127
127
127
127
127
127
127
127
127
127
127
127
127
127
127
45.5897
39.0769
35.8205
127
127
127
2
